A = [1 2 3 4; 5 6 7 8; 9 10 11 12; 13 14 15 16]
  
     1     2     3     4     0
     5     6     7     8     0
     9    10    11    12     0
    13    14    15    16    17
  
  
A(4,2)      %14
A(8)
  
A(1:3,2)
A(3,:)
  
B = 0:10:100      %start:step:end.
0    10    20    30    40    50    60    70    80    90   100
